StAndId	Lat	Long	Lcounts
E223	369972	3000915	0
E221	369975	3000918	0
E210	369985	3000937	0
E219	369977	3000922	0
E212	369984	3000933	0
E217	369980	3000924	0
E215	369982	3000928	0
J122	371124	3000862	0
A325	371810	3001477	1
A324	371811	3001477	0
A319	371816	3001479	0
D121	369976	3001330	0
H324	369766	3000802	1
H325	369764	3000799	0
E216	369983	3000924	0
F320	371472	3001056	2
C111	371326	3001036	3
A124	371793	3001492	0
F315	371475	3001063	0
H321	369769	3000810	0
F316	371477	3001063	0
H225	369777	3000804	0
A35	371841	3001497	3
F321	371470	3001054	0
A33	371843	3001501	1
H224	369779	3000804	0
A311	371831	3001490	0
C110	371331	3001037	2
H320	369771	3000808	2
E225	369970	3000911	0
H318	369774	3000810	2
A310	371833	3001492	0
F318	371473	3001060	0
D322	369989	3001328	0
F322	371468	3001054	0
A312	371830	3001488	0
A36	371836	3001496	3
C19	371333	3001037	5
E222	369973	3000917	0
C113	371323	3001039	6
H319	369772	3000810	0
C12	371341	3001030	0
C18	371334	3001034	3
A317	371825	3001481	0
F323	371465	3001051	0
H223	369782	3000806	0
H317	369776	3000812	2
F324	371463	3001049	0
D317	369994	3001336	0
A316	371826	3001483	0
D318	369993	3001336	0
J225	371126	3000844	0
D323	369988	3001326	0
C15	371338	3001034	4
C115	371321	3001045	2
E218	369978	3000922	0
B310	370856	3001094	0
D313	370001	3001341	0
C11	371343	3001030	0
D311	370006	3001341	0
J321	371133	3000855	0
B315	370866	3001090	0
B318	370871	3001086	0
D312	370004	3001341	0
B323	370877	3001083	0
B35	370849	3001100	0
B313	370861	3001092	0
B317	370869	3001088	0
D315	369998	3001339	0
C215	371329	3001047	10
H219	369786	3000811	0
B37	370851	3001100	0
J311	371151	3000873	0
B314	370864	3001092	0
B33	370846	3001103	0
B38	370853	3001098	0
F219	371467	3001060	0
D39	370008	3001346	0
C114	371324	3001043	6
J320	371136	3000858	0
A318	371823	3001481	0
K11	371659	3000903	5
B324	370879	3001083	0
J318	371139	3000860	0
D36	370009	3001350	0
J38	371154	3000878	0
F224	371462	3001053	1
J319	371138	3000860	0
F225	371460	3001051	0
C16	371336	3001034	2
J315	371143	3000866	0
J325	371129	3000853	1
K24	371668	3000901	12
J323	371131	3000855	0
B217	370867	3001097	0
J37	371153	3000880	1
C119	371313	3001049	0
H221	369784	3000810	0
J314	371144	3000867	0
B319	370874	3001085	0
G315	370994	3001070	1
C118	371315	3001049	0
G319	371004	3001068	1
K120	371696	3000897	0
G325	371009	3001067	0
B39	370854	3001096	1
K23	371663	3000903	2
B325	370880	3001081	0
B34	370848	3001101	0
B312	370862	3001094	0
J34	371159	3000882	0
C120	371316	3001048	1
G314	370993	3001070	0
C214	371328	3001048	0
G316	370998	3001068	0
G317	370999	3001068	0
H37	369768	3000834	1
K110	371682	3000903	2
K111	371680	3000903	4
B223	370876	3001092	0
J223	371128	3000855	0
K115	371685	3000904	2
G313	370989	3001072	0
G323	371008	3001068	1
K124	371701	3000897	0
G310	370981	3001076	3
C117	371318	3001048	2
G312	370985	3001074	1
K119	371695	3000899	0
G39	370980	3001076	3
K18	371677	3000905	1
J36	371156	3000880	0
G318	371003	3001068	0
A26	371822	3001496	2
F310	371480	3001074	0
F36	371487	3001082	0
K14	371667	3000905	5
J29	371146	3000875	0
K16	371673	3000906	0
K26	371670	3000906	6
B218	370872	3001097	0
H116	369794	3000824	1
K118	371693	3000901	2
C324	371348	3001035	2
J313	371148	3000871	0
K32	371657	3000918	10
G34	370975	3001078	0
G37	370976	3001078	0
K27	371672	3000906	1
A114	371800	3001509	0
G223	371011	3001072	0
G33	370971	3001080	0
J316	371141	3000866	0
K38	371665	3000910	14
K210	371678	3000908	4
G26	370978	3001082	0
G224	371014	3001072	0
H214	369781	3000823	0
K116	371688	3000903	7
F32	371489	3001087	0
F35	371485	3001084	1
G320	371006	3001070	1
C322	371346	3001035	1
F38	371482	3001078	0
A119	371795	3001502	0
K17	371675	3000905	2
G17	370986	3001081	0
H120	369802	3000828	0
K325	371683	3000914	1
A322	371813.1	3001475.1	2
F317	371475.1	3001063.1	0
F319	371473.1	3001060.1	0
B316	370866.1	3001090.1	0
D314	370001.1	3001341.1	0
B320	370871.1	3001086.1	0
J39	371154.1	3000878.1	0
K123	371696.1	3000897.1	0
G311	370981.1	3001076.1	5
K122	371695.1	3000899.1	0
K19	371677.1	3000905.1	0
C325	371351.1	3001032.1	4
G36	370975.1	3001078.1	1
K121	371693.1	3000901.1	1
G225	371014.1	3001072.1	0
K314	371678.1	3000908.1	0
F39	371482.1	3001078.1	0
G211	370986.1	3001081.1	0
A212	371828.2	3001509.2	0
E316	369955.2	3000922.2	0
F122	371454.2	3001060.2	0
G216	370996.2	3001078.2	0
H314	369776.2	3000819.2	0
J310	371154.2	3000878.2	0
K117	371692.2	3000902.2	3
K217	371690.2	3000904.2	4
K315	371678.2	3000908.2	0
E34	369970.1	3000942.1	0
G19	370991.1	3001081.1	0
A16	371802.1	3001522.1	0
A24	371820.1	3001494.1	0
A313	371830.1	3001490.1	1
C123	371315.1	3001054.1	0
C125	371315.1	3001058.1	0
C13	371343.1	3001032.1	2
C32	371318.1	3001069.1	0
D37	370008.1	3001348.1	0
F113	371464.1	3001075.1	0
G21	370970.1	3001084.1	0
J16	371149.1	3000886.1	0
K114	371685.1	3000906.1	3
K12	371663.1	3000905.1	0
K212	371687.1	3000906.1	0
K213	371692.1	3000906.1	0
E311	369962.1	3000931.1	1
E318	369955.1	3000922.1	0
F311	371478.1	3001071.1	0
G322	371009.1	3001070.1	0
J219	371131.1	3000858.1	0
K216	371688.1	3000906.1	2
K223	371706.1	3000906.1	0
B112	370866.1	3001109.1	0
D27	370006.1	3001363.1	0
F119	371457.1	3001066.1	0
G121	371014.1	3001076.1	0
H123	369809.1	3000831.1	0
H17	369778.1	3000834.1	1
K15	371668.1	3000905.1	0
B18	370858.1	3001112.1	0
D14	369975.1	3001367.1	0
H114	369792.1	3000830.1	0
J31	371163.1	3000889.1	0
B116	370869.1	3001107.1	0
D19	369973.1	3001356.1	0
F123	371452.1	3001062.1	0
F37	371484.1	3001082.1	0
B122	370881.1	3001099.1	1
B27	370851.1	3001107.1	0
H316	369776.1	3000819.1	0
H25	369771.1	3000836.1	0
A21	371818.1	3001490.1	0
B25	370849.1	3001109.1	0
C39	371328.1	3001065.1	5
J112	371136.1	3000875.1	0
J26	371148.1	3000880.1	2
G213	370991.1	3001080.1	1
G215	370996.1	3001078.1	1
E21	369985.1	3000955.1	0
G111	370993.1	3001081.1	6
H312	369774.1	3000821.1	1
C318	371339.1	3001046.1	1
C221	371331.1	3001052.1	0
E118	369975.1	3000935.1	0
H16	369776.1	3000836.1	0
J13	371151.1	3000893.1	0
E111	369980.1	3000946.1	0
D217	369988.1	3001356.1	0
A211	371827.1	3001510.1	0
H11	369764.1	3000843.1	7
D223	369983.1	3001343.1	0
D16	369975.1	3001362.1	0
D117	369973.1	3001339.1	0
H31	369763.1	3000838.1	0
A37	371836	3001497	2
D316	369994	3001337	0
B322	370877	3001084	0
B36	370853	3001099	0
F223	371462	3001054	0
K112	371680	3000904	2
K113	371682	3000904	1
K31	371657	3000919	0
K28	371675	3000906	3
B110	370859	3001112	0
G110	370991	3001081	0
G113	370996	3001079	5
C23	371313	3001061	1
G116	371003	3001079	0
G124	371019	3001074	0
H34	369766	3000837	0
C217	371326	3001059	2
E115	369977	3000942	0
E321	369950	3000917	0
C224	371334	3001048	2
E36	369970	3000942	0
D24	370014	3001365	0
H113	369787	3000830	2
F17	371470	3001089	0
D215	369991	3001360	0
B22	370844	3001113	0
E220	369975	3000920	0
E211	369984	3000935	0
J123	371124	3000864	0
H322	369766	3000804	0
A32	371843	3001503	3
E224	369970	3000913	0
D320	369989	3001330	0
A314	371830	3001490	0
D321	369988	3001328	0
C14	371343	3001032	3
J322	371133	3000857	0
B311	370861	3001094	0
F218	371467	3001062	1
J312	371151	3000875	1
D38	370008	3001348	0
J324	371129	3000855	0
J35	371159	3000884	0
K13	371663	3000905	1
B222	370876	3001094	0
J222	371128	3000857	0
G321	371008	3001070	1
K316	371685	3000906	2
G38	370980	3001078	4
F34	371487	3001084	0
J28	371146	3000877	0
K312	371673	3000908	5
A113	371800	3001511	0
G35	370973	3001080	0
K35	371665	3000912	2
H121	369804	3000828	0
A323	371813	3001477	0
C26	371315	3001056	0
D13	369975	3001369	0
D18	369973	3001358	0
G123	371016	3001076	0
G18	370988	3001081	1
G28	370981	3001078	1
H311	369776	3000821	0
K125	371698	3000897	0
K214	371692	3000904	1
K317	371685	3000908	4
B321	370877	3001086	0
E114	369977	3000944	0
E320	369950	3000919	0
G125	371021	3001074	0
H32	369766	3000839	1
A116	371797	3001509	0
A120	371792	3001500	0
A121	371792	3001498	0
A18	371802	3001522	0
A218	371830	3001520	0
A321	371815	3001477	0
C25	371315	3001058	0
D125	369988	3001330	0
D17	369973	3001360	0
D319	369989	3001332	0
E11	369984	3000968	0
E23	369984	3000952	0
E24	369984	3000950	0
F114	371464	3001075	1
F12	371474	3001097	0
F210	371475	3001075	0
G27	370980	3001080	3
H110	369781	3000830	1
J124	371124	3000866	0
J125	371124	3000868	0
J17	371149	3000886	0
J221	371129	3000857	0
J24	371154	3000888	4
K215	371692	3000906	0
A224	371840	3001529	0
B125	370886	3001099	0
C124	371315	3001054	0
E16	369980	3000957	0
F22	371485	3001089	0
F27	371479	3001080	0
G22	370970	3001084	0
H212	369781	3000828	0
J18	371149	3000884	0
A122	371792	3001496	0
A15	371805	3001525	0
A19	371802	3001520	0
A25	371818	3001496	0
A38	371835	3001496	0
B13	370849	3001118	0
C321	371346	3001041	6
D22	370018	3001367	0
D220	369984	3001349	0
E25	369984	3000948	0
F211	371475	3001073	0
G210	370985	3001080	1
H217	369782	3000819	0
A115	371797	3001507	0
A215	371828	3001516	0
E213	369983	3000931	0
E28	369984	3000942	0
G15	370983	3001083	2
H22	369769	3000839	2
J213	371139	3000871	0
K218	371693	3000908	0
J217	371134	3000864	0
J23	371154	3000886	1
A28	371820	3001503	0
B16	370854	3001116	0
K320	371695	3000908	0
E314	369959	3000928	0
G115	371003	3001078	1
G217	370998	3001078	1
K36	371664	3000914	0
B219	370874	3001096	0
C24	371313	3001060	1
F215	371470	3001067	0
J117	371131	3000871	0
E12	369984	3000966	0
B210	370858	3001107	1
F115	371464	3001073	0
C33	371318	3001069	0
C317	371341	3001048	1
F110	371467	3001082	4
C36	371330	3001067	0
F13	371474	3001095	0
A221	371835	3001523	0
A217	371830	3001518	0
H35	369766	3000836	1
F222	371460	3001054	0
J220	371131	3000858	0
C122	371315	3001052	2
G324	371009	3001070	0
H24	369768	3000837	1
G12	370978	3001085	0
H213	369781	3000826	0
F23	371485	3001087	0
F31	371490	3001089	0
K318	371688	3000906	1
B124	370884	3001099	0
B24	370849	3001112	0
H125	369812	3000831	0
J25	371149	3000882	0
K311	371677	3000908	0
E313	369960	3000930	1
F33	371487	3001087	0
G16	370985	3001083	1
E312	369962	3000931	0
E317	369955	3000922	1
F28	371479	3001078	0
E17	369980	3000955	0
F312	371478	3001071	2
H118	369797	3000830	0
C313	371340	3001056	2
B121	370877	3001099	0
D31	370006	3001359	0
K224	371706	3000906	0
D210	370003	3001361	0
D211	369999	3001363	0
D219	369986	3001350	0
A223	371838	3001529	0
G32	370970	3001082	0
C22	371310	3001063	3
A320	371816	3001483	1
D120	369976	3001334	0
A34	371841	3001501	6
A39	371835	3001494	1
D310	370006	3001345	0
J317	371139	3000864	0
K25	371668	3000905	0
B32	370848	3001105	0
C121	371316	3001052	0
C223	371328	3001052	5
C29	371318	3001052	0
G29	370985	3001078	7
J21	371156	3000884	1
G25	370976	3001082	0
C323	371346	3001039	1
G221	371006	3001074	0
A17	371804	3001524	0
A23	371818	3001494	1
D116	369973	3001343	0
D35	370008	3001352	0
E310	369964	3000933	0
F314	371475	3001067	1
G122	371014	3001076	0
K225	371708	3000908	0
D23	370016	3001367	0
F16	371470	3001093	1
F221	371462	3001058	0
K211	371680	3000908	6
K313	371675	3000910	1
A31	371843	3001507	0
C315	371341	3001052	4
D12	369975	3001373	0
D21	370021	3001368	0
E26	369984	3000946	0
G222	371008	3001074	1
G23	370973	3001084	1
H122	369806	3000830	0
H215	369782	3000823	1
J33	371161	3000886	0
B14	370849	3001116	0
D28	370006	3001363	0
F21	371487	3001091	0
H119	369801	3000830	0
K29	371677	3000912	5
C218	371326	3001058	0
C219	371328	3001056	1
D112	369971	3001349	0
E322	369949	3000917	0
E323	369949	3000913	0
E37	369969	3000941	0
F212	371475	3001071	2
G117	371006	3001078	0
G118	371008	3001078	0
H124	369809	3000831	0
K321	371675	3000914	1
A110	371802	3001518	0
E38	369967	3000939	0
F120	371457	3001066	1
C211	371325	3001052	1
B115	370868	3001107	0
E14	369982	3000963	0
H218	369782	3000817	0
K220	371700	3000906	1
C220	371326	3001054	0
H19	369778	3000834	1
D222	369984	3001347	0
E122	369970	3000928	0
B114	370866	3001109	0
E116	369977	3000941	0
H27	369769	3000832	5
E324	369947	3000911	0
D114	369971	3001345	0
A123	371792	3001494	0
E214	369983	3000929	0
H323	369764	3000804	0
C112	371326	3001041	11
J224	371126	3000849	0
A117	371795	3001507	0
A214	371828	3001514	0
D15	369975	3001367	0
F121	371455	3001064	0
F24	371484	3001087	0
F29	371478	3001076	0
G24	370975	3001083	2
J15	371149	3000891	0
K319	371693	3000906	0
H115	369792	3000830	0
A111	371800	3001516	0
B19	370858	3001112	0
E29	369984	3000940	0
E319	369952	3000922	0
G13	370980	3001085	3
G14	370981	3001083	0
E39	369965	3000937	0
G11	370976	3001087	7
H23	369769	3000837	1
J214	371139	3000869	0
J32	371163	3000889	5
C210	371323	3001052	1
J19	371144	3000882	0
H14	369774	3000837	1
D29	370004	3001363	0
H15	369773	3000839	0
F313	371477	3001069	1
H222	369779	3000810	0
C213	371325	3001048	3
K22	371660	3000908	12
G220	371004	3001074	1
K39	371670	3000912	7
G120	371011	3001078	1
H117	369796	3000828	0
K310	371672	3000912	7
E19	369980	3000952	0
F25	371482	3001084	0
J22	371154	3000884	0
K322	371678	3000914	1
H12	369766	3000845	0
J116	371131	3000877	0
J218	371134	3000862	0
H13	369768	3000843	0
C28	371316	3001058	3
K323	371680	3000914	3
D110	369973	3001356	0
J111	371143	3000879	0
B113	370863	3001109	0
B117	370869	3001107	0
C312	371336	3001058	4
F124	371452	3001062	0
E125	369972	3000922	1
E27	369985	3000944	0
E124	369973	3000924	0
H220	369782	3000813	0
H315	369776	3000819	0
B31	370851	3001107	0
J211	371143	3000873	0
B215	370868	3001103	0
J212	371141	3000873	0
A27	371820	3001501	0
K219	371695	3000906	0
A112	371799	3001514	0
B119	370874	3001103	0
K221	371698	3000904	0
D113	369973	3001350	0
C216	371323	3001059	5
J110	371141	3000880	1
J113	371138	3000875	0
B17	370854	3001114	0
B122	370881	3001099	0
E15	369982	3000959	1
E18	369979	3000953	0
C116	371323	3001047	1
J216	371136	3000866	0
J215	371138	3000868	0
G218	370998	3001076	0
G219	371003	3001076	0
F26	371480	3001082	2
C17	371344	3001039	5
C314	371339	3001054	1
E315	369959	3000926	0
G119	371009	3001078	0
K34	371664	3000912	9
K37	371669	3000912	4
B11	370845	3001120	2
B29	370853	3001107	0
A13	371809	3001529	1
K33	371660	3000916	10
E121	369972	3000930	0
H26	369771	3000836	0
F220	371463	3001058	0
B26	370849	3001109	0
B224	370879	3001092	1
C27	371313	3001058	0
H216	369784	3000819	1
B220	370874	3001094	0
K21	371667	3000914	0
J27	371148	3000880	1
B15	370851	3001116	1
B120	370876	3001103	0
J120	371128	3000866	0
A22	371818	3001490	0
C310	371328	3001065	0
C212	371326	3001050	3
J114	371136	3000875	1
D124	369984	3001332	0
F217	371468	3001064	0
B23	370846	3001113	0
J210	371144	3000877	0
B213	370863	3001103	0
G214	370994	3001080	2
G114	370999	3001078	1
G212	370990	3001081	4
B221	370877	3001096	0
H211	369778	3000830	1
F216	371470	3001065	2
H313	369774	3000821	0
B28	370854	3001107	0
G112	370993	3001081	4
K222	371703	3000906	0
F213	371473	3001071	1
H29	369774	3000832	1
J118	371131	3000869	0
B212	370861	3001105	0
E123	369970	3000924	0
J115	371134	3000875	0
D34	370006	3001356	0
J11	371156	3000895	7
E22	369985	3000955	0
D224	369984	3001343	0
H111	369784	3000830	1
B225	370881	3001092	0
K324	371682	3000916	0
E13	369984	3000964	0
J119	371129	3000869	0
C225	371334	3001047	9
C319	371339	3001046	4
B211	370858	3001105	0
B216	370869	3001101	0
J12	371153	3000893	1
C37	371331	3001065	2
E31	369975	3000948	0
D11	369973	3001373	0
D26	370008	3001365	0
E35	369970	3000941	1
A219	371832	3001521	0
A118	371794	3001505	1
E33	369972	3000944	0
F117	371464	3001071	0
E32	369974	3000946	0
E117	369977	3000937	0
F214	371472	3001071	0
C222	371331	3001052	7
B214	370866	3001105	0
E119	369975	3000935	0
H18	369776	3000836	1
F118	371460	3001069	3
B12	370848	3001120	0
C31	371318	3001067	0
F116	371462	3001073	3
C320	371341	3001046	8
H310	369777	3000821	0
D33	370004	3001358	0
B118	370871	3001103	0
J121	371126	3000866	0
H38	369769	3000828	3
C316	371336	3001052	4
F111	371467	3001080	0
J14	371151	3000893	0
H210	369779	3000828	0
F15	371472	3001089	3
A315	371832	3001508	1
C38	371330	3001065	1
H112	369786	3000830	1
D25	370013	3001365	0
D32	370003	3001358	0
C35	371325	3001071	3
H39	369771	3000828	1
B111	370864	3001112	0
F18	371470	3001088	1
E112	369980	3000946	0
C311	371333	3001059	8
C34	371321	3001067	0
D212	369998	3001361	0
F11	371475	3001097	0
D221	369986	3001347	0
F19	371469	3001086	4
F14	371474	3001093	1
E110	369982	3000952	0
D214	369993	3001360	0
D213	369995	3001360	0
H28	369773	3000834	1
E113	369979	3000946	0
A220	371835	3001521	0
A210	371825	3001507	0
A29	371823	3001507	0
A216	371830	3001516	0
D218	369988	3001356	0
F112	371465	3001078	0
A14	371792	3001527	0
A213	371827	3001510	0
D216	369990	3001360	0
H36	369766	3000834	8
A222	371837	3001527	0
A225	371842	3001532	0
H21	369764	3000843	0
A12	371810	3001529	0
A11	371815	3001531	2
G31	370965	3001084	0
F125	371450	3001058	0
E325	369944	3000910	0
C21	371305	3001065	2
D325	369984	3001323	0
D324	369986	3001325	0
D123	369981	3001334	0
D122	369979	3001334	0
D119	369974	3001336	0
D115	369971	3001341	0
D225	369983	3001343	0
D111	369975	3001362	0
D118	369973	3001339	0
B21	370843	3001113	0
A125	371790	3001492	0
E120	369974	3000931	0
H33	369763	3000838	3
